00;saved_models/ensemble_model_v2_N16_B92_E108_nb_zones_4_low_bits_2_svdn.joblib;313;00020;10;0;0;0;0;0;0;0;1;0;0;0;0;0;0;1;1;1;0;0;1;1;0;0;0;0;1;1;0;0;1;0;1;1;0;1;1;1;1;1;1;1;0;1;0;1;0;1;1;1;0;1;1;0;0;0;0;1;1;1;0;0;1;1;1;0;1;0;1;1;1;1;1;1;1;0;0;1;0;0;0;0;1;0;1;0;0;1;1;1
01;saved_models/ensemble_model_v2_N16_B92_E108_nb_zones_4_low_bits_2_svdn.joblib;312;00020;10;1;1;1;0;1;0;1;1;0;1;1;1;0;0;1;0;0;0;1;0;1;0;1;0;0;1;1;1;0;0;1;0;1;1;0;0;1;0;0;1;1;1;0;0;1;0;1;1;1;0;0;1;0;1;0;0;1;1;1;0;1;1;1;1;1;0;0;1;0;0;0;1;1;0;1;1;0;1;0;0;0;0;0;1;0;0;0;0;1
02;saved_models/ensemble_model_v2_N16_B92_E108_nb_zones_4_low_bits_2_svdn.joblib;274;00020;10;0;0;1;1;1;0;1;0;0;0;1;0;1;1;1;1;1;1;1;0;1;0;1;1;0;1;0;0;1;0;1;0;0;0;0;1;1;0;0;0;0;1;1;0;1;1;0;0;1;1;0;0;0;0;1;1;1;1;0;0;0;0;0;1;1;0;1;0;0;1;0;1;1;0;1;0;1;1;0;0;1;1;0;1;1;0;0;1;1
03;saved_models/ensemble_model_v2_N16_B92_E108_nb_zones_4_low_bits_2_svdn.joblib;271;00020;10;0;0;1;0;1;1;1;1;1;0;1;0;1;0;1;0;0;0;1;1;0;0;1;0;1;1;0;1;0;1;0;1;1;0;0;1;0;1;1;0;1;0;0;1;1;0;1;1;1;1;0;1;0;1;0;0;1;0;0;1;1;0;1;0;0;1;0;0;0;1;1;1;0;1;0;0;0;0;0;1;0;1;1;1;0;1;0;1;0
04;saved_models/ensemble_model_v2_N16_B92_E108_nb_zones_4_low_bits_2_svdn.joblib;310;00020;10;1;0;0;1;0;0;1;0;0;0;0;1;1;1;1;1;0;0;1;1;1;1;0;1;0;1;1;0;0;1;0;1;0;1;0;0;0;0;1;0;1;1;1;1;1;1;0;1;0;1;1;0;0;1;1;0;1;1;0;1;0;0;1;0;1;0;0;0;0;1;0;1;1;0;0;1;0;1;1;0;1;0;1;0;1;1;0;0;0
05;saved_models/ensemble_model_v2_N16_B92_E108_nb_zones_4_low_bits_2_svdn.joblib;301;00020;10;0;1;1;0;1;1;1;0;0;1;1;0;0;1;1;0;1;0;1;0;1;0;1;1;1;1;1;1;1;1;0;0;1;1;0;0;0;0;1;1;1;1;0;0;0;0;0;1;0;0;0;1;1;1;0;0;1;0;1;1;1;1;0;0;0;0;0;1;1;0;1;0;0;0;1;0;1;1;0;0;0;1;0;0;1;0;1;1;1
06;saved_models/ensemble_model_v2_N16_B92_E108_nb_zones_4_low_bits_2_svdn.joblib;308;00020;10;1;1;0;0;0;1;1;0;1;1;1;0;0;0;0;1;1;0;1;0;0;1;0;1;1;0;1;0;0;0;0;0;0;0;0;0;1;1;0;1;1;1;1;0;1;0;0;0;1;0;0;0;1;1;1;0;1;0;1;1;0;1;1;0;1;0;0;1;0;0;1;0;1;1;1;1;0;1;0;0;1;0;1;1;1;1;1;1;0
07;saved_models/ensemble_model_v2_N16_B92_E108_nb_zones_4_low_bits_2_svdn.joblib;235;00020;10;1;0;0;1;1;1;0;0;1;0;0;0;0;0;1;1;1;0;0;1;1;1;0;0;1;0;0;1;1;0;1;1;1;0;1;1;0;0;0;1;0;1;1;1;1;0;1;0;1;1;0;0;0;1;1;0;1;1;0;1;0;1;1;0;1;1;0;1;1;0;1;1;1;0;0;0;1;1;0;1;0;1;0;1;1;0;1;0;1
08;saved_models/ensemble_model_v2_N16_B92_E108_nb_zones_4_low_bits_2_svdn.joblib;248;00020;10;1;1;1;1;0;1;1;0;1;1;0;1;1;0;1;0;0;1;1;0;0;1;0;1;0;1;0;1;0;1;0;1;0;0;0;0;1;1;1;0;1;1;1;0;0;0;0;1;0;1;0;0;0;1;1;0;1;1;0;0;1;0;1;0;0;1;1;1;1;0;0;1;1;0;0;1;1;0;1;0;1;1;0;0;1;1;0;1;0
09;saved_models/ensemble_model_v2_N16_B92_E108_nb_zones_4_low_bits_2_svdn.joblib;292;00020;10;1;0;0;0;0;1;0;1;1;1;0;1;0;0;0;0;1;0;1;0;1;1;1;1;1;0;1;0;1;0;1;1;1;1;1;0;1;1;1;1;1;0;0;0;1;1;0;1;1;0;1;0;1;0;0;1;1;0;0;1;1;1;0;0;0;1;1;0;0;0;0;1;0;0;0;1;0;0;1;0;1;1;0;1;0;1;0;0;0
10;saved_models/ensemble_model_v2_N16_B92_E108_nb_zones_4_low_bits_2_svdn.joblib;222;00020;10;0;1;1;0;0;1;0;0;1;1;0;0;1;0;0;1;1;1;0;1;1;1;0;1;0;0;0;0;1;1;1;0;1;1;0;1;1;0;0;0;1;0;1;0;1;0;0;1;1;1;1;1;1;1;0;0;1;1;1;0;0;0;1;0;1;1;1;0;0;1;1;0;1;0;1;0;0;0;0;1;1;1;0;0;1;0;0;0;0
11;saved_models/ensemble_model_v2_N16_B92_E108_nb_zones_4_low_bits_2_svdn.joblib;240;00020;10;1;1;1;1;0;1;1;1;1;1;0;0;1;0;0;1;1;0;0;0;0;1;0;0;0;0;1;1;1;0;0;0;1;0;1;0;1;1;0;0;0;1;0;0;1;0;1;1;0;0;0;1;0;1;0;0;1;1;1;1;1;0;1;1;1;1;0;1;1;1;1;1;1;0;0;1;0;0;1;1;0;1;0;0;1;0;1;1;0
12;saved_models/ensemble_model_v2_N16_B92_E108_nb_zones_4_low_bits_2_svdn.joblib;211;00020;10;0;1;0;1;1;0;0;0;0;1;0;1;1;0;1;0;0;1;0;0;1;0;1;1;1;1;0;0;1;1;0;0;1;1;0;1;1;1;0;0;0;1;0;1;0;1;1;0;0;1;1;1;1;1;1;1;0;0;1;1;0;0;1;1;0;1;1;1;0;0;1;0;0;1;0;1;0;0;0;0;1;1;0;1;0;1;0;0;1
13;saved_models/ensemble_model_v2_N16_B92_E108_nb_zones_4_low_bits_2_svdn.joblib;151;00020;10;1;0;0;1;1;0;0;1;0;1;0;1;0;1;1;1;0;1;0;1;0;1;1;1;1;1;0;1;1;1;1;1;1;0;0;1;1;0;0;1;1;0;1;1;1;0;0;0;1;0;1;1;0;1;1;1;0;0;0;0;0;0;1;0;1;1;1;1;1;0;0;0;1;1;1;1;1;1;0;1;1;0;0;1;0;0;1;1;1
14;saved_models/ensemble_model_v2_N16_B92_E108_nb_zones_4_low_bits_2_svdn.joblib;139;00020;10;0;1;0;0;1;1;0;1;1;1;1;1;0;1;1;0;0;1;0;1;1;1;1;0;1;1;1;0;1;1;0;0;1;0;1;1;0;0;0;0;1;1;0;0;1;1;1;1;0;1;0;1;0;0;1;1;0;0;1;0;0;0;0;1;1;0;0;0;0;1;1;1;0;1;1;1;1;0;1;0;0;0;0;0;1;1;0;0;0
15;saved_models/ensemble_model_v2_N16_B92_E108_nb_zones_4_low_bits_2_svdn.joblib;177;00020;10;1;0;0;1;0;0;0;0;1;1;0;1;0;1;0;0;0;1;0;0;1;1;1;1;0;1;1;0;0;0;1;0;1;1;0;0;0;0;1;1;1;1;0;1;0;1;1;1;1;1;0;0;1;0;1;0;1;1;1;1;0;1;1;1;1;1;1;0;0;0;0;1;0;0;0;1;0;0;0;1;0;0;1;0;0;1;1;0;0
