00;saved_models/ensemble_model_v2_N16_B92_E108_nb_zones_4_low_bits_2_svdn.joblib;404;00020;10;0;1;1;1;0;1;0;1;0;1;1;0;1;0;1;0;0;1;1;0;1;1;1;0;1;0;1;1;0;0;0;0;0;1;1;0;0;1;0;0;1;1;0;0;1;1;1;0;1;0;0;0;0;0;0;0;0;0;1;1;1;1;1;0;0;0;1;1;1;1;0;1;1;0;0;0;0;0;0;0;1;0;1;1;0;0;1;1;0;1;0;1;1;0
01;saved_models/ensemble_model_v2_N16_B92_E108_nb_zones_4_low_bits_2_svdn.joblib;320;00020;10;0;1;0;1;0;1;0;1;0;1;1;0;1;0;0;1;1;1;0;0;1;0;0;0;1;1;1;1;1;0;0;1;0;0;0;0;0;0;1;1;1;1;0;1;1;1;1;1;0;1;1;1;1;0;0;1;0;1;0;0;0;1;1;0;0;1;0;1;0;1;0;0;1;0;0;0;0;0;0;1;1;0;0;0;0;0;1;0;0;0;1;1;1;0
02;saved_models/ensemble_model_v2_N16_B92_E108_nb_zones_4_low_bits_2_svdn.joblib;163;00020;10;1;0;1;0;0;0;1;0;0;1;1;0;0;0;1;0;0;0;1;0;1;0;0;0;1;0;0;1;1;0;1;0;1;1;1;0;0;0;0;1;0;1;0;1;0;0;1;1;1;1;1;1;1;1;0;1;1;1;1;1;0;0;0;0;0;1;1;0;1;1;1;1;1;1;0;0;1;0;0;1;1;0;0;1;1;1;1;1;1;1;0;1;0;0
03;saved_models/ensemble_model_v2_N16_B92_E108_nb_zones_4_low_bits_2_svdn.joblib;375;00020;10;1;0;0;1;1;1;0;0;1;1;1;1;1;0;0;1;1;1;1;1;0;1;0;0;1;1;0;1;1;0;0;0;1;0;0;0;0;1;1;1;0;0;1;1;0;1;1;1;0;0;0;0;1;0;0;0;1;1;1;0;0;1;1;0;0;0;0;0;0;0;0;1;1;1;1;0;1;1;1;0;0;0;1;0;0;1;0;1;1;1;0;0;1;0
04;saved_models/ensemble_model_v2_N16_B92_E108_nb_zones_4_low_bits_2_svdn.joblib;439;00020;10;0;1;0;0;1;1;1;1;0;1;1;1;1;0;1;1;0;1;1;1;0;0;0;1;1;0;0;0;1;1;1;1;1;0;0;1;0;0;1;0;0;0;1;1;1;1;0;1;0;1;0;1;0;1;1;0;1;0;1;1;1;1;1;0;1;0;1;1;1;1;1;1;1;1;1;0;1;1;0;1;1;0;1;1;1;0;1;0;0;0;0;1;0;1
05;saved_models/ensemble_model_v2_N16_B92_E108_nb_zones_4_low_bits_2_svdn.joblib;309;00020;10;1;0;0;1;1;0;1;0;1;1;1;1;1;0;0;0;1;1;1;0;0;1;1;0;0;0;1;1;1;0;1;1;0;0;0;0;1;0;1;1;1;1;1;1;1;1;1;1;1;1;0;1;1;0;1;0;0;0;1;0;0;0;0;0;0;0;0;0;0;0;1;1;0;0;0;0;0;1;1;1;1;1;1;1;1;1;0;1;0;0;1;0;1;1
06;saved_models/ensemble_model_v2_N16_B92_E108_nb_zones_4_low_bits_2_svdn.joblib;192;00020;10;0;0;1;0;0;1;1;1;0;1;1;1;0;1;1;1;0;0;0;0;1;1;0;1;0;0;0;1;0;1;0;1;0;0;0;0;1;0;0;0;1;1;0;1;0;1;0;0;1;1;0;1;0;0;0;0;1;1;0;1;1;0;0;0;0;1;0;0;1;0;1;1;1;0;1;0;1;0;0;1;1;0;0;0;1;0;0;0;0;1;0;1;0;1
07;saved_models/ensemble_model_v2_N16_B92_E108_nb_zones_4_low_bits_2_svdn.joblib;330;00020;10;0;1;1;1;1;0;0;1;1;0;1;1;1;0;0;0;0;0;0;1;0;0;0;1;0;1;1;0;1;0;0;1;1;1;0;1;1;1;1;1;0;1;0;1;0;0;1;1;0;1;1;1;0;0;1;1;1;1;0;0;0;1;0;0;1;1;1;1;1;1;1;0;0;0;0;0;0;0;1;0;0;0;1;0;1;1;1;1;0;0;0;0;1;1
08;saved_models/ensemble_model_v2_N16_B92_E108_nb_zones_4_low_bits_2_svdn.joblib;467;00020;10;0;0;1;0;0;0;0;1;0;0;1;1;1;1;0;1;0;0;0;1;1;1;0;1;0;1;1;0;0;0;0;0;1;1;0;1;0;1;1;1;0;1;0;1;0;1;0;0;1;1;1;1;0;1;0;1;0;0;1;1;1;0;0;1;1;0;0;0;0;1;0;1;1;1;0;1;1;1;1;1;1;1;1;0;1;0;1;0;1;0;0;0;0;0
09;saved_models/ensemble_model_v2_N16_B92_E108_nb_zones_4_low_bits_2_svdn.joblib;387;00020;10;1;1;1;0;0;0;0;0;1;1;1;1;0;1;0;0;1;0;1;0;1;1;0;1;1;1;0;0;0;0;0;0;1;1;0;1;1;1;1;1;0;0;1;0;1;0;1;0;1;1;1;1;1;0;0;0;1;0;0;0;0;0;1;0;1;0;0;1;0;0;0;0;1;1;1;0;1;0;0;0;0;0;0;1;1;1;1;1;1;0;0;1;0;1
10;saved_models/ensemble_model_v2_N16_B92_E108_nb_zones_4_low_bits_2_svdn.joblib;221;00020;10;1;0;0;0;1;0;0;0;1;1;0;1;0;1;0;1;1;0;1;0;0;0;0;1;1;0;0;1;0;1;0;0;1;1;0;0;0;1;0;0;0;1;1;0;0;0;0;1;1;0;0;0;0;0;0;1;1;0;0;1;0;0;1;1;1;0;0;0;0;1;0;1;1;1;1;1;1;1;0;1;0;0;0;1;0;1;1;0;0;1;0;0;1;0
11;saved_models/ensemble_model_v2_N16_B92_E108_nb_zones_4_low_bits_2_svdn.joblib;256;00020;10;0;1;1;1;0;0;1;1;0;0;1;1;0;1;0;0;0;0;1;0;1;1;1;0;0;0;1;1;0;0;1;1;1;0;1;1;0;1;1;1;0;1;1;0;0;0;1;1;0;0;0;1;0;1;1;1;1;1;1;0;1;0;1;1;0;1;0;0;0;0;1;1;0;1;0;0;0;1;1;1;1;1;0;1;0;0;1;1;1;0;1;0;0;1
12;saved_models/ensemble_model_v2_N16_B92_E108_nb_zones_4_low_bits_2_svdn.joblib;305;00020;10;0;0;0;0;1;1;0;0;0;1;0;0;1;0;0;0;1;1;0;0;1;0;0;1;0;0;1;1;1;1;0;0;0;0;1;1;1;1;1;1;0;0;1;1;1;1;1;1;1;0;1;0;0;1;1;0;1;1;1;1;1;1;1;1;0;0;0;1;0;1;0;0;0;1;0;0;1;0;1;0;1;1;1;0;1;1;1;1;1;1;0;0;1;0
13;saved_models/ensemble_model_v2_N16_B92_E108_nb_zones_4_low_bits_2_svdn.joblib;184;00020;10;1;1;1;0;1;0;1;0;1;0;1;1;1;0;1;0;1;0;0;0;1;1;0;0;0;1;0;0;0;0;0;1;1;1;0;1;1;1;1;1;0;0;0;1;0;0;0;1;0;1;1;0;1;0;1;1;0;0;1;0;0;1;0;0;0;0;1;0;0;1;0;0;0;1;0;0;1;0;1;1;0;0;0;0;1;1;1;1;0;0;0;0;0;1
14;saved_models/ensemble_model_v2_N16_B92_E108_nb_zones_4_low_bits_2_svdn.joblib;210;00020;10;0;0;1;1;1;0;1;1;0;0;1;0;1;1;1;1;1;0;1;1;1;1;0;1;1;1;0;1;1;0;1;0;1;1;0;0;0;0;0;0;1;0;1;0;0;1;0;0;0;1;1;1;1;0;1;1;0;1;0;0;1;0;0;0;1;1;0;1;0;1;1;0;1;1;0;0;1;0;1;1;0;1;0;1;1;1;0;0;1;0;0;0;1;1
15;saved_models/ensemble_model_v2_N16_B92_E108_nb_zones_4_low_bits_2_svdn.joblib;219;00020;10;1;1;0;0;1;1;1;0;0;0;0;0;1;0;0;1;1;0;1;0;0;1;0;0;0;0;0;0;1;0;0;0;1;0;0;1;0;1;0;1;1;1;0;0;0;0;1;0;1;0;1;0;1;0;0;0;1;1;1;0;1;0;1;1;1;1;0;1;1;1;0;1;1;0;1;1;1;1;0;1;1;0;0;1;1;1;1;1;1;0;1;1;1;1
