00;saved_models/ensemble_model_v2_N16_B92_E108_nb_zones_4_low_bits_2_svdn.joblib;352;00050;10;1;0;0;1;1;1;0;1;1;0;0;1;0;0;0;1;0;0;0;1;1;1;0;1;0;0;0;1;0;1;0;0;1;0;1;1;1;0;1;0;0;0;0;0;1;0;1;1;1;1;0;0;1;1;1;1;0;0;1;0;0;1;1;0;0;0;0;1;0;1;0;0;1;0;0;1;1;1;1;1;1;1;0;0;1;1;1;1;1;1;1;0;0;0;0;0;0;1;1;1;0;0;1;1;1;0;0;1;1;0;0;0;1;1;1;0
01;saved_models/ensemble_model_v2_N16_B92_E108_nb_zones_4_low_bits_2_svdn.joblib;293;00050;10;0;1;1;0;1;1;1;0;1;1;1;0;0;1;1;1;1;1;0;1;0;0;1;0;0;1;0;1;0;0;0;0;1;0;1;1;1;0;1;0;1;1;1;0;0;0;0;1;1;1;1;1;1;1;1;0;0;1;1;0;0;1;0;0;1;0;1;0;1;0;1;1;0;1;0;1;1;1;1;0;1;1;0;0;1;1;1;0;0;1;0;1;1;1;1;1;0;0;1;1;1;1;1;1;1;0;1;0;1;1;0;1;1;0;0;0
02;saved_models/ensemble_model_v2_N16_B92_E108_nb_zones_4_low_bits_2_svdn.joblib;412;00050;10;1;0;0;1;1;0;1;0;1;1;1;1;0;1;1;1;0;0;1;1;1;1;0;1;1;0;0;1;0;0;1;1;1;1;0;0;0;0;0;0;0;0;0;0;1;0;0;0;0;0;0;1;1;1;1;1;1;0;0;0;0;1;0;0;1;1;1;0;0;0;1;0;1;0;0;1;0;1;1;0;0;1;0;0;1;0;1;1;0;0;0;0;1;0;0;0;1;1;0;0;0;1;1;1;0;1;1;0;0;0;0;0;1;0;1;1
03;saved_models/ensemble_model_v2_N16_B92_E108_nb_zones_4_low_bits_2_svdn.joblib;391;00050;10;1;0;1;0;0;1;0;1;1;0;1;0;1;0;1;0;1;1;1;1;0;1;1;0;0;0;1;0;0;1;1;0;0;1;0;1;1;0;1;0;1;0;0;1;0;1;0;0;1;1;1;1;1;0;1;1;0;0;1;0;1;0;0;1;0;1;0;1;1;1;0;1;1;0;1;1;0;0;0;0;0;0;1;1;0;1;0;1;0;1;1;1;1;1;0;1;0;0;0;1;0;1;1;1;1;1;1;0;1;1;0;1;1;1;1;1
04;saved_models/ensemble_model_v2_N16_B92_E108_nb_zones_4_low_bits_2_svdn.joblib;441;00050;10;1;1;0;0;1;1;1;1;0;1;0;1;1;1;0;0;1;1;1;1;1;1;1;0;0;0;0;1;0;0;1;1;0;1;0;0;1;0;0;1;0;0;1;1;0;1;0;1;1;0;1;0;0;1;0;0;0;1;1;0;0;1;0;1;1;1;1;0;0;1;1;0;1;1;0;0;0;0;1;1;0;1;1;1;0;0;0;1;1;1;0;1;0;1;0;0;0;0;1;0;0;1;1;0;0;0;1;1;0;1;0;1;1;0;1;0
05;saved_models/ensemble_model_v2_N16_B92_E108_nb_zones_4_low_bits_2_svdn.joblib;332;00050;10;0;1;0;1;1;1;0;1;0;1;1;1;0;0;1;1;0;0;0;1;1;1;0;1;0;0;0;1;1;0;0;0;1;0;0;1;1;1;0;1;1;1;0;0;0;0;1;1;0;1;0;1;0;1;1;0;1;1;0;0;1;1;0;1;0;0;1;0;1;1;1;0;0;1;1;0;1;1;1;0;1;0;0;0;1;1;1;1;0;1;0;0;0;1;1;0;1;0;0;0;1;1;1;1;1;1;0;0;0;1;0;0;1;1;1;0
06;saved_models/ensemble_model_v2_N16_B92_E108_nb_zones_4_low_bits_2_svdn.joblib;349;00050;10;0;1;0;1;0;1;0;1;1;1;0;0;1;0;0;1;1;1;0;0;0;1;1;0;1;1;1;0;1;0;0;0;0;1;0;1;1;1;1;1;1;1;1;0;0;1;0;1;0;0;1;1;0;1;0;0;0;1;1;0;1;0;1;1;1;1;0;0;0;1;0;0;1;1;1;0;0;1;0;1;1;0;0;0;0;0;1;1;1;0;1;1;0;1;0;1;1;0;1;0;1;1;1;1;0;1;1;1;1;0;1;0;0;1;0;1
07;saved_models/ensemble_model_v2_N16_B92_E108_nb_zones_4_low_bits_2_svdn.joblib;354;00050;10;0;1;1;1;0;0;1;1;1;1;0;1;0;1;0;1;0;1;0;1;1;1;1;1;0;0;1;1;0;1;0;0;0;1;1;0;1;1;1;1;0;1;0;0;1;0;1;0;0;0;1;1;1;1;1;1;0;1;1;1;0;1;0;0;0;0;1;0;0;1;1;1;0;1;0;0;0;1;0;0;0;0;0;0;0;0;0;0;1;0;0;1;1;0;0;1;0;1;1;1;0;0;1;0;1;1;1;0;0;0;0;0;0;0;0;0
08;saved_models/ensemble_model_v2_N16_B92_E108_nb_zones_4_low_bits_2_svdn.joblib;415;00050;10;1;0;0;0;0;0;1;1;1;1;0;0;1;1;1;1;0;0;1;1;0;1;0;1;1;0;1;1;1;1;1;0;1;0;1;1;1;1;1;1;1;1;1;1;0;1;0;1;1;0;1;1;1;1;1;0;0;0;1;0;1;0;1;0;1;1;0;0;1;0;0;1;0;0;0;0;1;0;0;0;0;0;1;0;1;1;1;0;0;1;0;0;1;0;1;0;0;1;0;1;0;0;0;1;0;1;1;1;0;1;1;0;0;1;1;0
09;saved_models/ensemble_model_v2_N16_B92_E108_nb_zones_4_low_bits_2_svdn.joblib;395;00050;10;0;1;1;1;1;1;1;0;1;0;0;1;1;0;0;1;1;0;1;1;1;0;0;1;1;1;0;0;1;1;1;0;0;0;0;0;1;0;0;1;1;0;0;0;0;1;1;0;1;1;0;1;0;1;0;0;0;1;0;0;1;0;0;0;0;1;1;1;1;1;1;0;1;0;0;0;0;0;1;0;1;0;0;1;1;0;1;0;1;0;1;0;1;1;1;1;0;0;0;0;0;1;1;0;0;1;1;1;1;1;1;1;1;0;1;0
10;saved_models/ensemble_model_v2_N16_B92_E108_nb_zones_4_low_bits_2_svdn.joblib;343;00050;10;0;1;1;1;1;0;1;0;0;0;0;1;1;0;0;0;0;1;0;0;0;1;1;0;0;0;0;0;0;1;1;0;0;0;0;0;0;1;1;0;1;0;1;0;0;1;0;0;1;0;0;1;0;0;1;1;0;0;1;1;0;1;0;0;1;1;1;1;1;1;1;0;0;1;0;1;1;0;1;1;1;0;1;0;0;0;0;0;1;1;1;1;1;0;1;1;0;0;1;1;0;0;1;1;1;1;1;0;1;1;0;1;0;1;0;0
11;saved_models/ensemble_model_v2_N16_B92_E108_nb_zones_4_low_bits_2_svdn.joblib;396;00050;10;0;1;0;1;0;1;0;1;1;0;0;0;1;1;1;1;1;1;1;1;0;1;0;0;0;1;0;0;1;1;0;1;0;0;0;0;1;1;1;1;1;0;0;0;0;1;1;1;1;0;0;1;1;0;0;0;1;0;0;1;0;0;0;0;0;1;0;1;0;1;1;0;1;0;0;0;0;0;1;1;1;1;1;1;0;1;1;1;1;1;0;1;1;0;1;0;1;1;0;0;0;1;0;1;0;0;1;1;1;0;1;0;0;0;0;0
12;saved_models/ensemble_model_v2_N16_B92_E108_nb_zones_4_low_bits_2_svdn.joblib;535;00050;10;0;1;1;0;1;1;0;0;1;0;0;0;0;1;1;0;1;0;0;1;0;1;1;1;0;0;0;1;0;0;1;0;1;0;1;0;1;1;1;1;0;1;0;1;0;1;1;1;1;1;1;0;1;1;1;1;0;1;1;1;0;0;0;1;0;0;1;0;1;0;1;1;0;1;1;1;0;0;1;1;1;1;1;0;0;0;1;1;1;1;1;1;1;1;1;0;1;1;0;1;1;0;0;1;0;1;0;0;0;1;0;1;0;1;1;1
13;saved_models/ensemble_model_v2_N16_B92_E108_nb_zones_4_low_bits_2_svdn.joblib;395;00050;10;0;0;1;0;0;0;0;1;1;0;0;0;0;0;0;1;0;0;1;1;1;0;0;0;1;0;0;0;1;1;1;1;1;0;0;0;0;0;0;0;0;0;1;1;0;0;1;0;0;1;0;0;0;1;1;1;0;0;0;1;0;0;1;1;1;1;0;1;1;0;0;0;0;0;0;1;1;1;1;1;1;1;1;0;1;0;1;1;0;1;0;1;0;1;1;0;1;1;1;1;1;1;1;1;1;0;0;1;1;1;1;0;0;1;0;0
14;saved_models/ensemble_model_v2_N16_B92_E108_nb_zones_4_low_bits_2_svdn.joblib;372;00050;10;1;0;1;1;0;0;1;1;1;1;0;1;1;0;0;1;1;1;1;0;1;0;0;1;0;0;1;1;1;0;1;0;0;1;0;0;1;1;0;0;0;0;0;0;1;1;0;0;0;1;0;1;0;1;0;0;1;1;1;0;0;0;0;1;0;0;1;1;0;1;1;1;1;1;1;1;1;1;0;0;1;1;0;0;1;0;0;1;0;1;1;1;1;1;0;0;1;1;1;1;1;0;0;1;1;0;0;1;0;1;1;1;1;0;1;1
15;saved_models/ensemble_model_v2_N16_B92_E108_nb_zones_4_low_bits_2_svdn.joblib;366;00050;10;1;0;0;1;1;1;0;1;1;1;1;1;0;1;1;1;1;0;0;1;1;0;1;1;0;0;1;1;0;0;1;1;0;0;0;1;1;1;0;0;1;1;1;0;0;0;0;0;0;0;1;0;0;1;0;0;1;1;0;0;1;1;0;1;0;0;0;1;0;0;0;0;0;1;0;0;1;1;0;0;1;1;1;0;1;1;1;1;0;0;0;1;0;1;1;0;0;1;0;0;0;0;1;1;0;1;0;1;0;0;0;0;1;0;0;0
