00;saved_models/ensemble_model_v2_N32_B84_E116_nb_zones_12_lab_svdn.joblib;345;00020;10;1;1;1;1;0;0;0;0;1;0;0;0;0;0;0;0;0;0;0;0;0;0;0;0;0;0;0;0;0;0;0;0;0;0;0;0;0;0;0;0;0;0;0;0;0;0;0;0;0;0;0;0;0;0;0;0;0;0;0;0;0;0;0;0;0;0;0;0;0;0;0;0;0;0;0;0;0;0;0;0;0;0;0;0;0;0;0;0;0;0;0;0;0;0
01;saved_models/ensemble_model_v2_N32_B84_E116_nb_zones_12_lab_svdn.joblib;338;00020;10;1;1;1;1;1;1;1;1;1;1;1;1;1;1;1;1;1;1;1;1;1;1;1;1;1;1;0;1;1;1;1;1;1;1;1;1;1;1;1;1;0;0;0;0;1;1;1;1;0;0;0;0;0;0;0;0;0;0;0;0;0;0;0;0;0;0;0;0;0;0;0;0;0;0;0;0;0;0;0;0;0;0;0;1;0;0;0;0;0;0;0;0;0;0
02;saved_models/ensemble_model_v2_N32_B84_E116_nb_zones_12_lab_svdn.joblib;416;00020;10;1;1;1;1;1;1;1;1;1;1;1;1;1;1;1;1;1;1;1;1;1;1;0;1;1;1;1;1;1;1;1;1;0;1;1;1;0;0;0;0;1;0;0;0;0;0;0;0;1;1;1;0;0;0;0;0;0;0;0;1;0;0;0;0;0;0;0;0;0;0;0;0;0;1;1;1;1;1;1;1;1;0;0;0;0;0;0;0;0;0;0;0;0;0
03;saved_models/ensemble_model_v2_N32_B84_E116_nb_zones_12_lab_svdn.joblib;216;00020;10;1;1;1;1;1;1;1;1;1;1;1;1;1;1;1;1;1;1;1;1;1;1;1;1;1;1;1;1;1;1;1;1;1;1;1;1;1;1;1;1;1;1;1;1;1;1;1;1;1;1;1;1;1;1;1;0;0;0;0;0;0;0;0;0;0;0;0;0;0;0;0;0;0;0;0;0;0;0;0;0;0;0;0;0;0;0;0;0;0;0;0;0;0;0
04;saved_models/ensemble_model_v2_N32_B84_E116_nb_zones_12_lab_svdn.joblib;146;00020;10;1;1;1;0;1;1;0;0;1;0;0;0;0;0;0;0;0;0;0;0;0;0;0;0;0;0;0;0;0;0;0;0;0;0;0;0;0;0;0;0;0;0;0;0;0;0;0;0;0;0;0;0;0;0;0;0;0;0;0;0;0;0;0;0;0;0;0;0;0;0;0;0;0;0;0;0;0;0;0;0;0;0;0;0;0;0;0;0;0;0;0;0;0;0
05;saved_models/ensemble_model_v2_N32_B84_E116_nb_zones_12_lab_svdn.joblib;299;00020;10;1;1;1;1;1;1;1;1;1;1;1;1;1;1;1;1;1;0;1;1;1;0;0;0;0;0;0;0;0;0;0;0;0;0;0;0;0;0;0;0;0;0;0;0;0;0;0;0;0;0;0;0;0;0;0;0;0;0;0;0;0;0;0;0;0;0;0;0;0;0;0;0;0;0;0;0;0;0;0;0;0;0;0;0;0;0;0;0;0;0;0;0;0;0
06;saved_models/ensemble_model_v2_N32_B84_E116_nb_zones_12_lab_svdn.joblib;458;00020;10;1;1;1;1;1;1;1;1;1;1;1;1;1;1;1;1;1;1;1;1;1;1;1;1;1;1;1;1;1;1;1;1;1;1;1;1;1;1;1;1;1;1;0;1;0;0;1;1;1;1;1;1;1;1;1;1;1;1;1;1;1;1;1;0;0;0;0;0;1;1;1;1;0;0;0;0;0;0;0;0;0;0;0;0;0;1;0;0;0;0;0;0;0;0
07;saved_models/ensemble_model_v2_N32_B84_E116_nb_zones_12_lab_svdn.joblib;182;00020;10;1;1;1;1;1;1;1;1;1;1;1;1;1;1;1;1;1;1;1;1;1;1;1;1;1;1;1;1;1;1;1;1;1;1;1;1;1;0;0;1;1;0;1;1;1;1;1;1;1;1;1;1;0;0;0;1;1;1;0;1;1;1;1;1;1;1;1;1;0;1;0;0;0;0;0;0;1;1;1;1;1;1;1;1;1;0;0;0;0;0;0;0;0;0
08;saved_models/ensemble_model_v2_N32_B84_E116_nb_zones_12_lab_svdn.joblib;370;00020;10;1;1;1;1;1;1;1;1;1;1;1;1;1;1;1;1;1;1;1;1;1;1;1;1;1;1;1;1;1;1;1;1;1;1;1;1;1;1;1;1;1;1;1;1;1;1;1;1;1;1;1;1;1;1;1;1;1;1;1;1;1;1;0;1;0;1;1;0;0;0;0;1;1;1;1;0;1;0;0;0;0;0;0;0;0;1;1;1;1;1;0;1;0;0
09;saved_models/ensemble_model_v2_N32_B84_E116_nb_zones_12_lab_svdn.joblib;349;00020;10;1;1;1;1;1;1;1;1;1;1;1;1;1;1;1;1;1;1;1;1;1;1;1;1;1;1;1;1;1;1;1;1;1;1;1;1;1;1;1;1;1;1;0;0;0;0;0;0;0;0;0;0;0;0;0;0;0;1;1;1;1;1;1;0;0;0;0;1;1;1;1;1;0;0;0;0;0;0;0;1;0;0;0;0;0;0;0;0;0;0;0;0;0;0
10;saved_models/ensemble_model_v2_N32_B84_E116_nb_zones_12_lab_svdn.joblib;428;00020;10;1;1;1;1;1;1;1;1;1;1;1;1;1;1;1;1;1;1;1;1;1;1;1;1;1;1;1;1;1;1;1;1;1;1;1;1;1;1;1;1;1;1;1;1;1;1;1;1;1;1;1;1;1;1;1;1;1;1;1;1;1;1;1;1;1;1;1;1;1;1;1;1;1;1;1;1;1;1;1;1;1;1;1;1;1;1;1;1;1;1;1;1;1;1
11;saved_models/ensemble_model_v2_N32_B84_E116_nb_zones_12_lab_svdn.joblib;232;00020;10;1;1;1;1;1;1;1;1;1;1;1;1;1;1;1;1;1;1;1;1;1;1;1;1;1;1;1;1;1;1;1;1;1;1;1;0;1;1;0;1;1;1;1;0;0;0;0;0;1;1;1;1;1;1;1;0;0;0;0;0;0;0;0;0;0;0;0;0;0;0;0;0;0;0;0;0;0;0;0;0;0;0;0;0;0;0;0;0;0;0;0;0;0;0
12;saved_models/ensemble_model_v2_N32_B84_E116_nb_zones_12_lab_svdn.joblib;294;00020;10;1;1;1;1;1;1;1;1;1;1;1;1;1;1;1;1;1;1;1;1;1;1;1;1;1;1;1;1;1;1;1;1;1;1;1;1;1;1;1;1;1;1;1;1;1;1;1;1;1;1;1;1;1;1;1;1;0;1;1;1;0;0;0;1;1;1;1;1;1;1;1;1;1;0;0;0;0;0;0;0;0;0;0;0;0;0;0;1;1;1;1;1;1;1
13;saved_models/ensemble_model_v2_N32_B84_E116_nb_zones_12_lab_svdn.joblib;283;00020;10;1;1;1;1;1;1;1;1;1;1;1;1;1;1;1;1;1;1;1;1;1;1;1;1;1;1;1;0;0;1;1;1;1;0;1;0;1;0;0;0;0;0;0;0;0;0;0;0;0;0;0;0;0;0;0;0;0;0;0;0;0;0;0;0;0;0;0;0;0;0;0;0;0;0;0;0;0;0;0;0;0;0;0;0;0;0;0;0;0;0;0;0;0;0
14;saved_models/ensemble_model_v2_N32_B84_E116_nb_zones_12_lab_svdn.joblib;255;00020;10;1;1;1;1;1;1;1;1;1;1;1;1;1;1;1;1;1;1;1;1;1;1;1;1;1;1;1;1;0;0;0;1;1;0;0;1;0;0;0;0;0;0;0;0;0;0;0;0;0;0;0;0;0;0;0;0;0;0;0;0;0;0;0;1;1;0;1;1;0;1;1;1;1;1;0;0;0;0;0;0;0;0;0;0;0;0;0;0;0;0;0;0;0;0
15;saved_models/ensemble_model_v2_N32_B84_E116_nb_zones_12_lab_svdn.joblib;200;00020;10;1;1;1;1;1;1;1;1;1;1;1;1;1;1;1;1;1;1;1;1;1;0;0;0;1;1;0;0;1;1;0;0;0;1;1;1;1;0;0;0;1;1;0;0;0;0;0;0;0;0;0;0;0;0;0;0;0;0;0;0;0;0;0;0;0;0;0;0;0;0;0;0;0;0;0;0;0;0;0;0;0;0;0;0;0;0;0;0;0;0;0;0;0;0
